924715
807429
310333
388898
563347
85749
409112
810214
175567
502553
597047
700524
603290
157800
689564
178133
554089
670129
389335
937546
368731
151520
594970
401351
342527
521422
840144
183540
586231
130222
164773
111974
660819
648221
984040
512741
989524
490867
643560
493933
949711
393701
253238
856095
757980
575389
498441
427515
856555
632704
929837
540437
905756
165511
373059
907191
408576
944314
80825
704097
402731
396197
507765
13811
962036
891334
475897
169177
953954
522295
769349
986353
178198
223707
695002
785378
708111
176717
849862
692864
679865
818285
674298
587416
681208
678310
95759
253860
818334
871930
600594
788453
106033
58777
179038
675464
952936
91573
477387
97357
361986
509931
936981
244836
890726
695601
173904
889977
54996
704352
63635
723562
257871
271737
912574
304653
125613
52235
82265
691591
201184
425472
724571
431336
147069
780015
520235
836534
729215
205045
736982
413159
346035
768269
931902
932645
497562
984360
42261
632320
481336
200884
873288
89583
494764
154214
997660
244271
375050
191030
690105
52507
498272
297016
48094
910242
944262
753251
409669
307329
197144
244591
308940
929744
554762
637680
358182
980676
223538
941284
285349
328486
311004
957207
142816
659082
645784
692978
329129
473220
520778
773413
467059
420829
125151
18469
219501
125208
651419
512086
761471
888678
475570
209235
468636
300093
510231
791955
172676
28376
666830
796727
804969
21054
53550
765067
425867
79548
222834
594080
958009
347753
495060
296847
781994
441546
20828
992591
71650
419621
329034
749459
929139
218374
368581
171362
922220
52955
875917
242262
135490
938253
410455
671429
430580
175159
28920
717882
608846
859112
594179
532651
521952
430867
371623
419141
933625
514750
318115
780427
832837
731598
44591
224691
900546
96408
372097
415625
441767
710051
870051
170736
447056
928738
789316
303663
388639
756319
479894
747388
457349
998857
181804
971501
979922
539050
491115
198377
396674
167416
704430
536266
180880
70995
795664
190155
283415
374468
969025
699758
167857
41170
595264
138403
361319
937412
751716
265019
600166
559424
