Function A: ADD 573
Function B: MULTIPLY 83
Function C: RAISE TO THE POWER OF 3

3269
8910
6112
1291
9417
7381
2762
9663
6611
9930
5309
4385
9433
3645
4318
8245
9586
2957
4176
8753
3909
2183
1314
4741
2099
7508
2518
7012
7878
5512
3164
7791
5291
1486
5160
5016
6197
5934
4121
9011
6944
9766
5658
7688
1667
8525
7464
6831
4954
8984
7583
5597
1064
2911
2551
1756
8086
7088
7101
5828
6628
9802
2232
2411
5356
8923
7407
5764
4522
7263
9094
9341
7877
8620
2615
3970
2706
9407
6159
9357
1463
6181
6025
9931
5820
6077
4394
2000
6543
6092
5847
7885
7618
6155
6892
7485
3360
5391
8608
1061
9573
