111100110010111000011011101 2
101010001110010101100111000010 2
240225755 10
1100010101010011110001001010 2
537870341 10
110010100000111101101010111110 2
CD9BCF9 16
15E1C582 16
5771204155 8
584625458 10
1111110110011001000100110000 2
1161736137 8
108296299 10
100010001111101011000100100 2
34F513FA 16
364CD278 16
4427644176 8
363D5D12 16
4213157567 8
996381269 10
5757051636 8
1023713775 8
2990F785 16
11111111010110111001110000101 2
305997306 10
B817171 16
318735650 10
571523245 10
10100011000100111110100101011 2
684084315 10
2165264320 8
101111110011101101000110001110 2
5414724312 8
1110000111011010001110110100 2
100000100001101001111100111110 2
1DF8F3CA 16
29E87D2C 16
384445964 10
3510360455 8
4037541547 8
5734263121 8
10100001110101100010101011100 2
4566633077 8
569783878 10
349381350 10
7D12463 16
110001010110101010110000111001 2
2673476160 8
537173694 10
101111111000001010000010100000 2
111001100001000101100011110101 2
916141487 10
1751726547 8
191823319 10
111010110010010110001110100100 2
11101100111101001101001100010 2
651819572 10
669162903 10
3654640105 8
82775990 10
5223610217 8
3037032602 8
1802E0 16
3453567140 8
29ECB551 16
704308743 10
1F89274 16
1467745436 8
7341207266 8
1011111111111011100010000110 2
318342583 10
137464076 10
37D3958C 16
11101001110010110111111001110 2
849805772 10
883869917 10
364502772 8
327896959 10
3403550733 8
100011110000000011110101111000 2
11001010111000110101100000101 2
389672793 10
11101011011110100110100001010 2
3625466316 8
677450162 8
1AF513A0 16
3252170225 8
4DC9E17 16
928023735 10
2E04B77D 16
13744996 16
110111010100101000110010000101 2
6330237077 8
39DC431E 16
110000011001110100001101101100 2
3B7453FD 16
306376237 10
100010000100100001101001110111 2
775310203 10
4334256151 8
111010100111111011100110100010 2
4447627513 8
358425491 10
738000773 10
261054272 8
F7F1344 16
253622350 8
33C979AA 16
18402438 10
5761266661 8
14B5E473 16
688605219 10
97BE96C 16
CCFC8E8 16
1214166017 8
431439062 10
11110100000010000010101001011 2
5064126402 8
3640325773 8
1614327672 8
4635041306 8
2344755064 8
1677BA7A 16
1110001010100000011100100 2
776177316 8
975009498 10
1FCA28BC 16
110010100100000011111101100000 2
13E109C4 16
10100100101000101110100110011 2
703783620 10
903646118 10
10010010111001111011001110000 2
2263376327 8
5405246143 8
464729415 10
4540727425 8
11010000110000100010101110000 2
922794502 10
596568321 10
735038485 10
994681816 10
467888700 10
534448676 10
89404571 10
50419952 10
21381C71 16
1000010101100101111010111001 2
101001000011000010000100111000 2
883012309 10
311840D2 16
372097B 16
110101011000001010101001111001 2
1111111111011000101110110010 2
87BBCFF 16
5304625575 8
1001100110101100001100101100 2
6111361470 8
1110010111101110011111101110 2
101010000010101000110110010100 2
5572527015 8
10110001001000011100110100000 2
11001001011011110011100110110 2
3B1063F8 16
231CE8EB 16
6600370313 8
101010110101010110100011000011 2
355604343 8
4022247672 8
11001100010001010101001101101 2
8010551 10
283594BE 16
1100010010111101000101010110 2
708778011 10
101001000011101011001101011011 2
4D28A12 16
2114206317 8
1100000110000100100001111 2
5121243335 8
6576456776 8
357757337 8
3601402576 8
6070031541 8
7232764112 8
580883498 10
2B820890 16
1D49BE1A 16
110000011001001110101000000001 2
101110001111001011100000101010 2
111001010110010011110010001100 2
10011100111000111101110000 2
435060968 10
839761483 10
11111010010000110011111010111 2
972023595 10
101110000011001011100001 2
A488686 16
7251314220 8
1111010000111010010011101011 2
7271173420 8
280397210 10
F95A259 16
10110010000100001010010100100 2
10000000111111011011100010100 2
509999583 10
100101000010100010110010111110 2
5072571426 8
16FE431D 16
10001000000010010001011101 2
205704683 10
3797531B 16
110010011001101101111100011100 2
767612555 8
93782793 10
6FE958C 16
975149140 10
335687708 10
716889121 10
6130013510 8
130C708F 16
C33E87E 16
79844059 10
10101010110001011100011000011 2
17F1AC9B 16
6651146176 8
10100011000101010000111000111 2
546784492 10
1001110111000001101001101111 2
7325011015 8
101011110100111110110101101000 2
722237263 10
1556743133 8
33425838 10
983594460 10
363F2F3 16
178880215 10
2878295C 16
10875810 10
843569955 10
1000100000111110010111010110 2
4021514307 8
2F25ED9F 16
101000010001110000101100111011 2
100000110110110101001011010000 2
19642739 16
360872359 10
3747547323 8
538418251 10
634471650 8
101000000011000001111001011110 2
275C521A 16
111000100000101100001001000100 2
13F44194 16
159157632 10
1906D639 16
110111000100001010101100001 2
3736117747 8
111000001011011101001110110 2
434347428 10
1403463052 8
201998026 10
7225642224 8
1010000010011101001001110111 2
622799801 10
882289637 10
1000000100001111101101100110 2
109FE511 16
7043313607 8
1BE74234 16
3435711143 8
5427224737 8
1010100000010000011100011000 2
807598832 10
23616094 10
101001000010011100111010000011 2
352749D2 16
6540512522 8
3555067501 8
110111010111011010000010111000 2
2073603F 16
94656913 10
650383063 10
631844439 10
310562009 10
4745166447 8
27F93C78 16
31A1BA53 16
802891378 10
4751202032 8
5645237437 8
363433237 10
1011110110110101111011001010 2
675A3F 16
3E984E8 16
E22F5FB 16
8FFA7DA 16
6737645630 8
11001011000101110101001010101 2
820526975 10
4514571101 8
100001000101111111001011100111 2
CE3332F 16
131EAB74 16
11110010011010111000010011000 2
14B1AB39 16
43250567 10
100101010000111000000000010110 2
110011100011111101000011100 2
2200573775 8
763602190 10
12ADD455 16
358568695 10
915494931 10
7047405255 8
560685672 10
1001110001110111011100000110 2
4416525314 8
52D19CA 16
578411173 10
5164471666 8
890538 16
313FBC37 16
450344544 10
907925360 10
4624101366 8
5720313306 8
11011111001100111011110101100 2
861229264 10
2003625007 8
111010111101110010111000101001 2
565878050 10
330B6A4B 16
1353513026 8
467454716 10
100110000010001111011101100010 2
2246533526 8
5143540017 8
100001101101110101110101111101 2
6107023217 8
377014263 8
100000111010110000111111001111 2
10100100011011001111101000100 2
304FA186 16
10111110110101101000010000000 2
1110010110001110010110001001 2
7313327525 8
359224409 10
101101010101100110010111000010 2
1414061753 8
D25FDB9 16
34DDA72C 16
101010110011100100001111010110 2
2F9EDA14 16
2635436736 8
4655024413 8
1000111110101000010111111100 2
644254024 10
5401076760 8
3110245643 8
195D6F39 16
5636523042 8
617292372 10
3762B02E 16
1246403002 8
10000111100100000100001101010 2
37849B81 16
1101011100001111011000110111 2
2331F9B5 16
3554324374 8
3335403524 8
110000110011011000011011011110 2
6307547404 8
900832419 10
2017B963 16
851417204 10
230625AE 16
3251764363 8
495189606 10
4362472614 8
20647C36 16
832587694 10
101011110010001110110100101010 2
16FB872A 16
199BD438 16
6586BF9 16
100010101111110110011101110101 2
FEE73FB 16
872195036 10
12623695 10
1987BD85 16
968267134 10
2771470636 8
17A42A8 16
1111111101000100110101110101 2
933463428 10
1011111010001110010100010110 2
2473764007 8
964796987 10
90132054 10
2444725704 8
297480125 10
338069713 10
101100011010110101000001111001 2
1101100101010101010100011011 2
100010110100011000010101100 2
610051583 10
1A2A311 16
1011111010000101100001010100 2
599631808 10
C9F956E 16
10000011001000010111111100010 2
2CBA0472 16
269E6669 16
2BF2B25F 16
3063245510 8
111010110101110011101011011111 2
7134550040 8
729523149 10
6746561657 8
35E80916 16
130A5432 16
7233707156 8
1110110001010010000000101011 2
3603655772 8
6351512504 8
2DD81AE0 16
37A675B9 16
6724165625 8
1100000000111101111010101011 2
856305948 10
1FF1963D 16
11111000100111001000011011011 2
5716233410 8
1047737004 8
4367025513 8
142E47A3 16
360958465 10
101000011100110001110100101010 2
221086025 10
481875452 10
11FF4465 16
36ED8C68 16
537853469 10
857056315 10
10011110100011101111000101101 2
11000111111111111011010100101 2
18CB6255 16
7316533327 8
10110101100111101010100011110 2
1011001000100110001011100001 2
175592660 10
101010010111100101000000101000 2
10000000100110110010110000110 2
847533668 10
26075F39 16
101101111001000010101000110100 2
10011111000111010111111001010 2
928696059 10
11AC3234 16
101110001100111000001101001111 2
10001001010000010100001010010 2
DB5029A 16
110000000001101000010010001011 2
100101100001000111011100101111 2
1110100111111101011101001010 2
36D8760B 16
641102516 8
111010111100111000101101110001 2
100010101001001100100111100111 2
1101111110100111010110000100 2
6571506731 8
903496027 10
854188959 10
110111111101011011101001101001 2
6246257061 8
896351435 10
1153053621 8
839772990 10
3101534164 8
362B4A78 16
179522329 10
5556255711 8
1CD3747A 16
10110010111011001011110010000 2
818833592 10
79761977 10
7024471443 8
424D681 16
2D9F5392 16
4353363223 8
1A226BCE 16
3420365275 8
1546113153 8
572353162 10
11110010010010011100111111 2
52669759 10
37DB9468 16
4660156562 8
DCBEA16 16
100101010110010000001011110111 2
5474470347 8
4506151015 8
548565899 10
689389461 10
366084C 16
1315034126 8
4726574 10
262EE898 16
12C192EA 16
2F427FA8 16
34047111 8
6533824 16
1101000110110100001000100 2
160C8326 16
49577339 10
1100011101010011011000110000 2
101011111111110010111100010111 2
953808923 10
3657DC7 16
752672651 8
2FA4186C 16
37B56F43 16
153047727 10
1010000010111101011110001101 2
3246335555 8
15E14094 16
494617492 10
767074851 10
1CF0E4A 16
64262671 8
1000110001001101011111110000 2
5104653756 8
1010011100110010010100110001 2
232D64F4 16
4464355505 8
1101000010000000111100 2
3111730061 8
7247005433 8
3E9DF00 16
10AE3E7C 16
408254989 10
280396475 10
1720305263 8
3161650720 8
1B6332A9 16
6074705327 8
1A4EBBAC 16
11001111011011111001001010 2
3521753730 8
3046762260 8
1001000111001001101000011110 2
111111010011011111011101000 2
2D1BA0E4 16
101001110111110011100001010 2
101010011000010011010000110110 2
16C870A8 16
27E5D449 16
11000001110101111110111010001 2
3013033041 8
6352773606 8
10110110010001101100001000101 2
100000011110111111101011010011 2
973997384 10
2436621570 8
148C839A 16
11101011001010100011011100001 2
11010110011110010010100110010 2
1010100100110010110010000 2
4404565471 8
436583B 16
1521122623 8
188996666 10
1334757733 8
2630463575 8
974029183 10
11111110011111111011110101011 2
1100000000010010001111110001 2
5713544005 8
627462615 10
3625664650 8
470122156 8
11110000111001101100010001110 2
6320200664 8
1EC8111E 16
35DF3996 16
33FF7AF4 16
645833883 10
7111021523 8
3547017664 8
2F17E938 16
2263302324 8
632865788 10
35477BBD 16
487413099 10
111000100101100010010010110111 2
972D65C 16
735132614 8
102518867 10
2C389AA6 16
11100011110100111110101111101 2
101100011000000101001110010010 2
100011110100101010011110001110 2
34F13414 16
274110257 8
33F901F0 16
2636451323 8
35FCB298 16
100111011101110011101111100000 2
2B1ECC69 16
6272037447 8
399818D8 16
5071474063 8
426641204 8
258896107 10
403064363 10
2100502276 8
2337553205 8
5114071014 8
563868243 10
350B9B41 16
316EEC65 16
284890040 10
37F89379 16
455506498 10
2811A5E8 16
954814270 10
235700819 10
2BCD96CF 16
2CBE039D 16
1360474467 8
2720720107 8
1001000011111010110001011000 2
3057014472 8
1556060041 8
110101001011111101000100011000 2
111000111100100001011011011001 2
35731EF4 16
10100001000111010011101011111 2
17449576 16
14D670C2 16
814059858 10
4156502333 8
10101010001101000110110111000 2
121742158 10
4A82D06 16
363F477D 16
1A120FF0 16
349917409 10
34303CAA 16
454779752 10
20F3EF0 16
11001110101101100001010100010 2
100480741 10
188659339 10
101011100100010011001110110111 2
1523405341 8
1524440463 8
2763102005 8
5577671413 8
101101010001101001100000101 2
370861048 10
110011010010111100101001001110 2
B32C174 16
1011010100000110100 2
777069987 10
101000000011010111110101101100 2
4475023245 8
128882449 10
4203007726 8
606210675 10
100010100001010001101000011000 2
436222777 10
1010000110110110010111111 2
35B0C1CA 16
111000000000000011001011111101 2
90542530 10
847257355 10
1673732712 8
24BAF6DC 16
189E9458 16
376DD6A8 16
694483602 10
11010001010100010010010011001 2
101101001001101010100000000001 2
1110101111010010010011100001 2
271A771 16
176CFC41 16
2A2EDA 16
7205017141 8
28012BAF 16
110101111101011010110111010 2
309202844 10
937350305 10
340FF187 16
874F9D0 16
1110110101101111000110110100 2
1EA71FFB 16
784597507 10
463367723 10
775AB50 16
742734928 10
FE61CA 16
1FC8E82F 16
101010010110111000101010110011 2
263452914 10
11110100100101110100010110011 2
101110110011110100001101101011 2
451222929 10
544150045 10
7154671755 8
10111010100010100001100010100 2
100110100100001111111111000000 2
100010101111101011100000010100 2
6120602050 8
37E59E40 16
642881211 10
153535329 10
526131280 10
528352196 10
1B0206DF 16
23467953 10
246334F2 16
10011101001011000110111100111 2
110110101000100101001011101011 2
1DA6E833 16
281391531 10
47350230 8
10000000101000110100111111101 2
329817CD 16
653186865 10
2AD8269F 16
2D7BE663 16
33C0582 16
2745053743 8
5557617036 8
101011100101011010010011001111 2
839242497 10
7262217322 8
724967324 10
261976A 16
1257731466 8
717233514 10
1110110010110000000000101101 2
156090102 10
183235679 10
111010111011100100111101110010 2
178342E3 16
111001100011111100001011000000 2
117C03CC 16
890851037 10
215523453 8
101111001100011100001011101010 2
4622744450 8
278659056 10
6101407064 8
11110110010011101000100111 2
11010111001111000010011101010 2
134151026 8
111011001110010101011100100101 2
1111100110010100101101000010 2
33480093 16
D0EAFE3 16
2401416002 8
110111101010011010011111101001 2
162245126 10
5477571263 8
5141044734 8
637067 16
326663020 10
1011110010001100110100110 2
3A7FA985 16
457617764 8
292263705 10
2307C1AA 16
3651741411 8
7007327732 8
280EEF2D 16
100101000000110110001001101110 2
536853957 10
715716471 10
17DD4353 16
1105352074 8
96102922 10
6727067611 8
824870788 10
789635373 10
F23BFB9 16
1442070044 8
1E352BC5 16
816827450 10
10011001100110101011110 2
11100100001011001001011011100 2
1105743036 8
110011101100111010101101110001 2
112103470 8
FA163A3 16
11CB800F 16
D6CC1B8 16
5534767303 8
457420458 10
